Year,Series,Country,Region,Sex,Age,Observation status,Unit multiplier,Unit measure,GeoCode,GIS,Value
2009,Death rate due to road traffic injuries,,,,,Normal value,Units,"Rate per 100,000 population",,,3.753584577
2010,Death rate due to road traffic injuries,,,,,Normal value,Units,"Rate per 100,000 population",,3.03539916
2011,Death rate due to road traffic injuries,,,,,Normal value,Units,"Rate per 100,000 population",,3.097093323
2012,Death rate due to road traffic injuries,,,,,Normal value,Units,"Rate per 100,000 population",,2.828662038
2013,Death rate due to road traffic injuries,,,,,Normal value,Units,"Rate per 100,000 population",,2.76106691
2014,Death rate due to road traffic injuries,,,,,Normal value,Units,"Rate per 100,000 population",,2.870113346
2015,Death rate due to road traffic injuries,,,,,Normal value,Units,"Rate per 100,000 population",,2.770694299
2016,Death rate due to road traffic injuries,,,,,Normal value,Units,"Rate per 100,000 population",,2.833290382
2017,Death rate due to road traffic injuries,,,,,Normal value,Units,"Rate per 100,000 population",,2.810408183
2018,Death rate due to road traffic injuries,,,,,Normal value,Units,"Rate per 100,000 population",,2.768096298
2019,Death rate due to road traffic injuries,,,,,Normal value,Units,"Rate per 100,000 population",,2.706716206
2020,Death rate due to road traffic injuries,,,,,Normal value,Units,"Rate per 100,000 population",,2.2599465
2009,Death rate due to road traffic injuries,Great Britain,,,,Normal value,Units,"Rate per 100,000 population",K03000001,3.674722374
2010,Death rate due to road traffic injuries,Great Britain,,,,Normal value,Units,"Rate per 100,000 population",K03000001,3.03504461
2011,Death rate due to road traffic injuries,Great Britain,,,,Normal value,Units,"Rate per 100,000 population",K03000001,3.092523873
2012,Death rate due to road traffic injuries,Great Britain,,,,Normal value,Units,"Rate per 100,000 population",K03000001,2.834454478
2013,Death rate due to road traffic injuries,Great Britain,,,,Normal value,Units,"Rate per 100,000 population",K03000001,2.750661496
2014,Death rate due to road traffic injuries,Great Britain,,,,Normal value,Units,"Rate per 100,000 population",K03000001,2.828403365
2015,Death rate due to road traffic injuries,Great Britain,,,,Normal value,Units,"Rate per 100,000 population",K03000001,2.734814103
2016,Death rate due to road traffic injuries,Great Britain,,,,Normal value,Units,"Rate per 100,000 population",K03000001,2.809397567
2017,Death rate due to road traffic injuries,Great Britain,,,,Normal value,Units,"Rate per 100,000 population",K03000001,2.794166908
2018,Death rate due to road traffic injuries,Great Britain,,,,Normal value,Units,"Rate per 100,000 population",K03000001,2.763581676
2019,Death rate due to road traffic injuries,Great Britain,,,,Normal value,Units,"Rate per 100,000 population",K03000001,2.699407147
2020,Death rate due to road traffic injuries,Great Britain,,,,Normal value,Units,"Rate per 100,000 population",K03000001,2.239754214
2009,Death rate due to road traffic injuries,Great Britain,,Female,,Normal value,Units,"Rate per 100,000 population",K03000001,1.846592974
2010,Death rate due to road traffic injuries,Great Britain,,Female,,Normal value,Units,"Rate per 100,000 population",K03000001,1.5595965
2011,Death rate due to road traffic injuries,Great Britain,,Female,,Normal value,Units,"Rate per 100,000 population",K03000001,1.528969331
2012,Death rate due to road traffic injuries,Great Britain,,Female,,Normal value,Units,"Rate per 100,000 population",K03000001,1.322283703
2013,Death rate due to road traffic injuries,Great Britain,,Female,,Normal value,Units,"Rate per 100,000 population",K03000001,1.396963526
2014,Death rate due to road traffic injuries,Great Britain,,Female,,Normal value,Units,"Rate per 100,000 population",K03000001,1.459271589
2015,Death rate due to road traffic injuries,Great Britain,,Female,,Normal value,Units,"Rate per 100,000 population",K03000001,1.286881101
2016,Death rate due to road traffic injuries,Great Britain,,Female,,Normal value,Units,"Rate per 100,000 population",K03000001,1.454052438
2017,Death rate due to road traffic injuries,Great Britain,,Female,,Normal value,Units,"Rate per 100,000 population",K03000001,1.396586091
2018,Death rate due to road traffic injuries,Great Britain,,Female,,Normal value,Units,"Rate per 100,000 population",K03000001,1.410221204
2019,Death rate due to road traffic injuries,Great Britain,,Female,,Normal value,Units,"Rate per 100,000 population",K03000001,1.363458129
2020,Death rate due to road traffic injuries,Great Britain,,Female,,Normal value,Units,"Rate per 100,000 population",K03000001,1.006848694
2009,Death rate due to road traffic injuries,Great Britain,,Male,,Normal value,Units,"Rate per 100,000 population",K03000001,5.574356127
2010,Death rate due to road traffic injuries,Great Britain,,Male,,Normal value,Units,"Rate per 100,000 population",K03000001,4.565362302
2011,Death rate due to road traffic injuries,Great Britain,,Male,,Normal value,Units,"Rate per 100,000 population",K03000001,4.710682494
2012,Death rate due to road traffic injuries,Great Britain,,Male,,Normal value,Units,"Rate per 100,000 population",K03000001,4.398324639
2013,Death rate due to road traffic injuries,Great Britain,,Male,,Normal value,Units,"Rate per 100,000 population",K03000001,4.148730723
2014,Death rate due to road traffic injuries,Great Britain,,Male,,Normal value,Units,"Rate per 100,000 population",K03000001,4.240711733
2015,Death rate due to road traffic injuries,Great Britain,,Male,,Normal value,Units,"Rate per 100,000 population",K03000001,4.225851584
2016,Death rate due to road traffic injuries,Great Britain,,Male,,Normal value,Units,"Rate per 100,000 population",K03000001,4.201832781
2017,Death rate due to road traffic injuries,Great Britain,,Male,,Normal value,Units,"Rate per 100,000 population",K03000001,4.229103986
2018,Death rate due to road traffic injuries,Great Britain,,Male,,Normal value,Units,"Rate per 100,000 population",K03000001,4.152020829
2019,Death rate due to road traffic injuries,Great Britain,,Male,,Normal value,Units,"Rate per 100,000 population",K03000001,4.069212562
2020,Death rate due to road traffic injuries,Great Britain,,Male,,Normal value,Units,"Rate per 100,000 population",K03000001,3.501849057
2013,Death rate due to road traffic injuries,Great Britain,,,0 to 4,Normal value,Units,"Rate per 100,000 population",K03000001,0.2572711252
2013,Death rate due to road traffic injuries,Great Britain,,,5 to 7,Normal value,Units,"Rate per 100,000 population",K03000001,0.2666177275
2013,Death rate due to road traffic injuries,Great Britain,,,8 to 11,Normal value,Units,"Rate per 100,000 population",K03000001,0.3673998743
2013,Death rate due to road traffic injuries,Great Britain,,,12 to 15,Normal value,Units,"Rate per 100,000 population",K03000001,0.781031167
2013,Death rate due to road traffic injuries,Great Britain,,,16 to 19,Normal value,Units,"Rate per 100,000 population",K03000001,4.846256629
2013,Death rate due to road traffic injuries,Great Britain,,,20 to 29,Normal value,Units,"Rate per 100,000 population",K03000001,4.632807811
2013,Death rate due to road traffic injuries,Great Britain,,,30 to 39,Normal value,Units,"Rate per 100,000 population",K03000001,2.507664515
2013,Death rate due to road traffic injuries,Great Britain,,,40 to 49,Normal value,Units,"Rate per 100,000 population",K03000001,2.847003809
2013,Death rate due to road traffic injuries,Great Britain,,,50 to 59,Normal value,Units,"Rate per 100,000 population",K03000001,2.705918148
2013,Death rate due to road traffic injuries,Great Britain,,,60 to 69,Normal value,Units,"Rate per 100,000 population",K03000001,1.912037796
2013,Death rate due to road traffic injuries,Great Britain,,,70 to 79,Normal value,Units,"Rate per 100,000 population",K03000001,3.436343075
2013,Death rate due to road traffic injuries,Great Britain,,,80 and over,Normal value,Units,"Rate per 100,000 population",K03000001,5.888519769
2014,Death rate due to road traffic injuries,Great Britain,,,0 to 4,Normal value,Units,"Rate per 100,000 population",K03000001,0.2307402995
2014,Death rate due to road traffic injuries,Great Britain,,,5 to 7,Normal value,Units,"Rate per 100,000 population",K03000001,0.4355425357
2014,Death rate due to road traffic injuries,Great Britain,,,8 to 11,Normal value,Units,"Rate per 100,000 population",K03000001,0.3560762815
2014,Death rate due to road traffic injuries,Great Britain,,,12 to 15,Normal value,Units,"Rate per 100,000 population",K03000001,0.8681262038
2014,Death rate due to road traffic injuries,Great Britain,,,16 to 19,Normal value,Units,"Rate per 100,000 population",K03000001,4.257898235
2014,Death rate due to road traffic injuries,Great Britain,,,20 to 29,Normal value,Units,"Rate per 100,000 population",K03000001,4.621434212
2014,Death rate due to road traffic injuries,Great Britain,,,30 to 39,Normal value,Units,"Rate per 100,000 population",K03000001,2.8230928
2014,Death rate due to road traffic injuries,Great Britain,,,40 to 49,Normal value,Units,"Rate per 100,000 population",K03000001,2.680386003
2014,Death rate due to road traffic injuries,Great Britain,,,50 to 59,Normal value,Units,"Rate per 100,000 population",K03000001,2.516890131
2014,Death rate due to road traffic injuries,Great Britain,,,60 to 69,Normal value,Units,"Rate per 100,000 population",K03000001,2.742650169
2014,Death rate due to road traffic injuries,Great Britain,,,70 to 79,Normal value,Units,"Rate per 100,000 population",K03000001,3.162213145
2014,Death rate due to road traffic injuries,Great Britain,,,80 and over,Normal value,Units,"Rate per 100,000 population",K03000001,6.63689292
2015,Death rate due to road traffic injuries,Great Britain,,,0 to 4,Normal value,Units,"Rate per 100,000 population",K03000001,0.2819228987
2015,Death rate due to road traffic injuries,Great Britain,,,5 to 7,Normal value,Units,"Rate per 100,000 population",K03000001,0.4707890381
2015,Death rate due to road traffic injuries,Great Britain,,,8 to 11,Normal value,Units,"Rate per 100,000 population",K03000001,0.4137271924
2015,Death rate due to road traffic injuries,Great Britain,,,12 to 15,Normal value,Units,"Rate per 100,000 population",K03000001,0.7315492311
2015,Death rate due to road traffic injuries,Great Britain,,,16 to 19,Normal value,Units,"Rate per 100,000 population",K03000001,3.93413852
2015,Death rate due to road traffic injuries,Great Britain,,,20 to 29,Normal value,Units,"Rate per 100,000 population",K03000001,4.616625741
2015,Death rate due to road traffic injuries,Great Britain,,,30 to 39,Normal value,Units,"Rate per 100,000 population",K03000001,2.396703596
2015,Death rate due to road traffic injuries,Great Britain,,,40 to 49,Normal value,Units,"Rate per 100,000 population",K03000001,2.973913248
2015,Death rate due to road traffic injuries,Great Britain,,,50 to 59,Normal value,Units,"Rate per 100,000 population",K03000001,2.64676013
2015,Death rate due to road traffic injuries,Great Britain,,,60 to 69,Normal value,Units,"Rate per 100,000 population",K03000001,1.990647706
2015,Death rate due to road traffic injuries,Great Britain,,,70 to 79,Normal value,Units,"Rate per 100,000 population",K03000001,3.572483054
2015,Death rate due to road traffic injuries,Great Britain,,,80 and over,Normal value,Units,"Rate per 100,000 population",K03000001,6.062658898
2016,Death rate due to road traffic injuries,Great Britain,,,0 to 4,Normal value,Units,"Rate per 100,000 population",K03000001,0.4113591693
2016,Death rate due to road traffic injuries,Great Britain,,,5 to 7,Normal value,Units,"Rate per 100,000 population",K03000001,0.3378600955
2016,Death rate due to road traffic injuries,Great Britain,,,8 to 11,Normal value,Units,"Rate per 100,000 population",K03000001,0.6668760658
2016,Death rate due to road traffic injuries,Great Britain,,,12 to 15,Normal value,Units,"Rate per 100,000 population",K03000001,0.9105315355
2016,Death rate due to road traffic injuries,Great Britain,,,16 to 19,Normal value,Units,"Rate per 100,000 population",K03000001,3.569402142
2016,Death rate due to road traffic injuries,Great Britain,,,20 to 29,Normal value,Units,"Rate per 100,000 population",K03000001,4.283228672
2016,Death rate due to road traffic injuries,Great Britain,,,30 to 39,Normal value,Units,"Rate per 100,000 population",K03000001,3.067958885
2016,Death rate due to road traffic injuries,Great Britain,,,40 to 49,Normal value,Units,"Rate per 100,000 population",K03000001,2.821184874
2016,Death rate due to road traffic injuries,Great Britain,,,50 to 59,Normal value,Units,"Rate per 100,000 population",K03000001,2.614745937
2016,Death rate due to road traffic injuries,Great Britain,,,60 to 69,Normal value,Units,"Rate per 100,000 population",K03000001,2.190615945
2016,Death rate due to road traffic injuries,Great Britain,,,70 to 79,Normal value,Units,"Rate per 100,000 population",K03000001,3.446485416
2016,Death rate due to road traffic injuries,Great Britain,,,80 and over,Normal value,Units,"Rate per 100,000 population",K03000001,6.850255673
2017,Death rate due to road traffic injuries,Great Britain,,,0 to 4,Normal value,Units,"Rate per 100,000 population",K03000001,0.3126840276
2017,Death rate due to road traffic injuries,Great Britain,,,5 to 7,Normal value,Units,"Rate per 100,000 population",K03000001,0.3312024595
2017,Death rate due to road traffic injuries,Great Britain,,,8 to 11,Normal value,Units,"Rate per 100,000 population",K03000001,0.3249965225
2017,Death rate due to road traffic injuries,Great Britain,,,12 to 15,Normal value,Units,"Rate per 100,000 population",K03000001,0.6464272683
2017,Death rate due to road traffic injuries,Great Britain,,,16 to 19,Normal value,Units,"Rate per 100,000 population",K03000001,3.776050025
2017,Death rate due to road traffic injuries,Great Britain,,,20 to 29,Normal value,Units,"Rate per 100,000 population",K03000001,4.313112202
2017,Death rate due to road traffic injuries,Great Britain,,,30 to 39,Normal value,Units,"Rate per 100,000 population",K03000001,3.215759872
2017,Death rate due to road traffic injuries,Great Britain,,,40 to 49,Normal value,Units,"Rate per 100,000 population",K03000001,2.623007736
2017,Death rate due to road traffic injuries,Great Britain,,,50 to 59,Normal value,Units,"Rate per 100,000 population",K03000001,2.522729561
2017,Death rate due to road traffic injuries,Great Britain,,,60 to 69,Normal value,Units,"Rate per 100,000 population",K03000001,2.644003777
2017,Death rate due to road traffic injuries,Great Britain,,,70 to 79,Normal value,Units,"Rate per 100,000 population",K03000001,3.338558566
2017,Death rate due to road traffic injuries,Great Britain,,,80 and over,Normal value,Units,"Rate per 100,000 population",K03000001,6.50833114
2018,Death rate due to road traffic injuries,Great Britain,,,0 to 4,Normal value,Units,"Rate per 100,000 population",K03000001,0.3428006071
2018,Death rate due to road traffic injuries,Great Britain,,,5 to 7,Normal value,Units,"Rate per 100,000 population",K03000001,0.2468645121
2018,Death rate due to road traffic injuries,Great Britain,,,8 to 11,Normal value,Units,"Rate per 100,000 population",K03000001,0.2232694623
2018,Death rate due to road traffic injuries,Great Britain,,,12 to 15,Normal value,Units,"Rate per 100,000 population",K03000001,0.7658383197
2018,Death rate due to road traffic injuries,Great Britain,,,16 to 19,Normal value,Units,"Rate per 100,000 population",K03000001,3.699873262
2018,Death rate due to road traffic injuries,Great Britain,,,20 to 29,Normal value,Units,"Rate per 100,000 population",K03000001,3.930040093
2018,Death rate due to road traffic injuries,Great Britain,,,30 to 39,Normal value,Units,"Rate per 100,000 population",K03000001,3.109646122
2018,Death rate due to road traffic injuries,Great Britain,,,40 to 49,Normal value,Units,"Rate per 100,000 population",K03000001,2.519025607
2018,Death rate due to road traffic injuries,Great Britain,,,50 to 59,Normal value,Units,"Rate per 100,000 population",K03000001,2.685321003
2018,Death rate due to road traffic injuries,Great Britain,,,60 to 69,Normal value,Units,"Rate per 100,000 population",K03000001,2.762623335
2018,Death rate due to road traffic injuries,Great Britain,,,70 to 79,Normal value,Units,"Rate per 100,000 population",K03000001,3.852379798
2018,Death rate due to road traffic injuries,Great Britain,,,80 and over,Normal value,Units,"Rate per 100,000 population",K03000001,5.994704054
2019,Death rate due to road traffic injuries,Great Britain,,,0 to 4,Normal value,Units,"Rate per 100,000 population",K03000001,0.1338009588
2019,Death rate due to road traffic injuries,Great Britain,,,5 to 7,Normal value,Units,"Rate per 100,000 population",K03000001,0.0414642692
2019,Death rate due to road traffic injuries,Great Britain,,,8 to 11,Normal value,Units,"Rate per 100,000 population",K03000001,0.282010989
2019,Death rate due to road traffic injuries,Great Britain,,,12 to 15,Normal value,Units,"Rate per 100,000 population",K03000001,0.8102805698
2019,Death rate due to road traffic injuries,Great Britain,,,16 to 19,Normal value,Units,"Rate per 100,000 population",K03000001,3.214867242
2019,Death rate due to road traffic injuries,Great Britain,,,20 to 29,Normal value,Units,"Rate per 100,000 population",K03000001,3.713086376
2019,Death rate due to road traffic injuries,Great Britain,,,30 to 39,Normal value,Units,"Rate per 100,000 population",K03000001,2.777310071
2019,Death rate due to road traffic injuries,Great Britain,,,40 to 49,Normal value,Units,"Rate per 100,000 population",K03000001,2.347295298
2019,Death rate due to road traffic injuries,Great Britain,,,50 to 59,Normal value,Units,"Rate per 100,000 population",K03000001,2.712738578
2019,Death rate due to road traffic injuries,Great Britain,,,60 to 69,Normal value,Units,"Rate per 100,000 population",K03000001,2.886958123
2019,Death rate due to road traffic injuries,Great Britain,,,70 to 79,Normal value,Units,"Rate per 100,000 population",K03000001,3.962995079
2019,Death rate due to road traffic injuries,Great Britain,,,80 and over,Normal value,Units,"Rate per 100,000 population",K03000001,6.705229866
2020,Death rate due to road traffic injuries,Great Britain,,,0 to 4,Normal value,Units,"Rate per 100,000 population",K03000001,0.3001696777
2020,Death rate due to road traffic injuries,Great Britain,,,5 to 7,Normal value,Units,"Rate per 100,000 population",K03000001,0.2526176451
2020,Death rate due to road traffic injuries,Great Britain,,,8 to 11,Normal value,Units,"Rate per 100,000 population",K03000001,0.2472361318
2020,Death rate due to road traffic injuries,Great Britain,,,12 to 15,Normal value,Units,"Rate per 100,000 population",K03000001,0.5235165259
2020,Death rate due to road traffic injuries,Great Britain,,,16 to 19,Normal value,Units,"Rate per 100,000 population",K03000001,2.849815765
2020,Death rate due to road traffic injuries,Great Britain,,,20 to 29,Normal value,Units,"Rate per 100,000 population",K03000001,3.318354979
2020,Death rate due to road traffic injuries,Great Britain,,,30 to 39,Normal value,Units,"Rate per 100,000 population",K03000001,2.628199357
2020,Death rate due to road traffic injuries,Great Britain,,,40 to 49,Normal value,Units,"Rate per 100,000 population",K03000001,2.231861739
2020,Death rate due to road traffic injuries,Great Britain,,,50 to 59,Normal value,Units,"Rate per 100,000 population",K03000001,2.424233677
2020,Death rate due to road traffic injuries,Great Britain,,,60 to 69,Normal value,Units,"Rate per 100,000 population",K03000001,2.13934678
2020,Death rate due to road traffic injuries,Great Britain,,,70 to 79,Normal value,Units,"Rate per 100,000 population",K03000001,2.739692397
2020,Death rate due to road traffic injuries,Great Britain,,,80 and over,Normal value,Units,"Rate per 100,000 population",K03000001,3.966173085
2009,Death rate due to road traffic injuries,England,,,,Normal value,Units,"Rate per 100,000 population",E92000001,3.601782277
2010,Death rate due to road traffic injuries,England,,,,Normal value,Units,"Rate per 100,000 population",E92000001,2.950090547
2011,Death rate due to road traffic injuries,England,,,,Normal value,Units,"Rate per 100,000 population",E92000001,3.001478011
2012,Death rate due to road traffic injuries,England,,,,Normal value,Units,"Rate per 100,000 population",E92000001,2.787242594
2013,Death rate due to road traffic injuries,England,,,,Normal value,Units,"Rate per 100,000 population",E92000001,2.654744845
2014,Death rate due to road traffic injuries,England,,,,Normal value,Units,"Rate per 100,000 population",E92000001,2.710036181
2015,Death rate due to road traffic injuries,England,,,,Normal value,Units,"Rate per 100,000 population",E92000001,2.670374307
2016,Death rate due to road traffic injuries,England,,,,Normal value,Units,"Rate per 100,000 population",E92000001,2.710425896
2017,Death rate due to road traffic injuries,England,,,,Normal value,Units,"Rate per 100,000 population",E92000001,2.776008312
2018,Death rate due to road traffic injuries,England,,,,Normal value,Units,"Rate per 100,000 population",E92000001,2.717178776
2019,Death rate due to road traffic injuries,England,,,,Normal value,Units,"Rate per 100,000 population",E92000001,2.645372878
2020,Death rate due to road traffic injuries,England,,,,Normal value,Units,"Rate per 100,000 population",E92000001,2.203354482
2009,Death rate due to road traffic injuries,England,East Midlands,,,Normal value,Units,"Rate per 100,000 population",E12000004,5.076422522
2010,Death rate due to road traffic injuries,England,East Midlands,,,Normal value,Units,"Rate per 100,000 population",E12000004,4.060286603
2011,Death rate due to road traffic injuries,England,East Midlands,,,Normal value,Units,"Rate per 100,000 population",E12000004,4.121259351
2012,Death rate due to road traffic injuries,England,East Midlands,,,Normal value,Units,"Rate per 100,000 population",E12000004,3.721705732
2013,Death rate due to road traffic injuries,England,East Midlands,,,Normal value,Units,"Rate per 100,000 population",E12000004,3.218407202
2014,Death rate due to road traffic injuries,England,East Midlands,,,Normal value,Units,"Rate per 100,000 population",E12000004,3.644307796
2015,Death rate due to road traffic injuries,England,East Midlands,,,Normal value,Units,"Rate per 100,000 population",E12000004,3.71999551
2016,Death rate due to road traffic injuries,England,East Midlands,,,Normal value,Units,"Rate per 100,000 population",E12000004,4.041994417
2017,Death rate due to road traffic injuries,England,East Midlands,,,Normal value,Units,"Rate per 100,000 population",E12000004,3.814181462
2018,Death rate due to road traffic injuries,England,East Midlands,,,Normal value,Units,"Rate per 100,000 population",E12000004,4.07980685
2019,Death rate due to road traffic injuries,England,East Midlands,,,Normal value,Units,"Rate per 100,000 population",E12000004,4.094353762
2020,Death rate due to road traffic injuries,England,East Midlands,,,Normal value,Units,"Rate per 100,000 population",E12000004,2.795142946
2009,Death rate due to road traffic injuries,England,East of England,,,Normal value,Units,"Rate per 100,000 population",E12000006,4.085931131
2010,Death rate due to road traffic injuries,England,East of England,,,Normal value,Units,"Rate per 100,000 population",E12000006,3.392222546
2011,Death rate due to road traffic injuries,England,East of England,,,Normal value,Units,"Rate per 100,000 population",E12000006,3.39450377
2012,Death rate due to road traffic injuries,England,East of England,,,Normal value,Units,"Rate per 100,000 population",E12000006,3.166317694
2013,Death rate due to road traffic injuries,England,East of England,,,Normal value,Units,"Rate per 100,000 population",E12000006,2.99062456
2014,Death rate due to road traffic injuries,England,East of England,,,Normal value,Units,"Rate per 100,000 population",E12000006,3.124350825
2015,Death rate due to road traffic injuries,England,East of England,,,Normal value,Units,"Rate per 100,000 population",E12000006,3.192905824
2016,Death rate due to road traffic injuries,England,East of England,,,Normal value,Units,"Rate per 100,000 population",E12000006,3.475278614
2017,Death rate due to road traffic injuries,England,East of England,,,Normal value,Units,"Rate per 100,000 population",E12000006,3.242315065
2018,Death rate due to road traffic injuries,England,East of England,,,Normal value,Units,"Rate per 100,000 population",E12000006,2.7413987
2019,Death rate due to road traffic injuries,England,East of England,,,Normal value,Units,"Rate per 100,000 population",E12000006,2.918503827
2020,Death rate due to road traffic injuries,England,East of England,,,Normal value,Units,"Rate per 100,000 population",E12000006,2.695735522
2009,Death rate due to road traffic injuries,England,London,,,Normal value,Units,"Rate per 100,000 population",E12000007,2.329213856
2010,Death rate due to road traffic injuries,England,London,,,Normal value,Units,"Rate per 100,000 population",E12000007,1.562985526
2011,Death rate due to road traffic injuries,England,London,,,Normal value,Units,"Rate per 100,000 population",E12000007,1.937982843
2012,Death rate due to road traffic injuries,England,London,,,Normal value,Units,"Rate per 100,000 population",E12000007,1.624776909
2013,Death rate due to road traffic injuries,England,London,,,Normal value,Units,"Rate per 100,000 population",E12000007,1.580049464
2014,Death rate due to road traffic injuries,England,London,,,Normal value,Units,"Rate per 100,000 population",E12000007,1.51064513
2015,Death rate due to road traffic injuries,England,London,,,Normal value,Units,"Rate per 100,000 population",E12000007,1.56918309
2016,Death rate due to road traffic injuries,England,London,,,Normal value,Units,"Rate per 100,000 population",E12000007,1.322742424
2017,Death rate due to road traffic injuries,England,London,,,Normal value,Units,"Rate per 100,000 population",E12000007,1.484419095
2018,Death rate due to road traffic injuries,England,London,,,Normal value,Units,"Rate per 100,000 population",E12000007,1.257285379
2019,Death rate due to road traffic injuries,England,London,,,Normal value,Units,"Rate per 100,000 population",E12000007,1.394779663
2020,Death rate due to road traffic injuries,England,London,,,Normal value,Units,"Rate per 100,000 population",E12000007,1.066371874
2009,Death rate due to road traffic injuries,England,North East,,,Normal value,Units,"Rate per 100,000 population",E12000001,2.83446602
2010,Death rate due to road traffic injuries,England,North East,,,Normal value,Units,"Rate per 100,000 population",E12000001,1.971496033
2011,Death rate due to road traffic injuries,England,North East,,,Normal value,Units,"Rate per 100,000 population",E12000001,2.233826996
2012,Death rate due to road traffic injuries,England,North East,,,Normal value,Units,"Rate per 100,000 population",E12000001,2.958822035
2013,Death rate due to road traffic injuries,England,North East,,,Normal value,Units,"Rate per 100,000 population",E12000001,2.911249412
2014,Death rate due to road traffic injuries,England,North East,,,Normal value,Units,"Rate per 100,000 population",E12000001,2.176622615
2015,Death rate due to road traffic injuries,England,North East,,,Normal value,Units,"Rate per 100,000 population",E12000001,2.362283627
2016,Death rate due to road traffic injuries,England,North East,,,Normal value,Units,"Rate per 100,000 population",E12000001,2.123956369
2017,Death rate due to road traffic injuries,England,North East,,,Normal value,Units,"Rate per 100,000 population",E12000001,2.193042987
2018,Death rate due to road traffic injuries,England,North East,,,Normal value,Units,"Rate per 100,000 population",E12000001,1.956425145
2019,Death rate due to road traffic injuries,England,North East,,,Normal value,Units,"Rate per 100,000 population",E12000001,2.809050837
2020,Death rate due to road traffic injuries,England,North East,,,Normal value,Units,"Rate per 100,000 population",E12000001,2.350077198
2009,Death rate due to road traffic injuries,England,North West,,,Normal value,Units,"Rate per 100,000 population",E12000002,3.363795484
2010,Death rate due to road traffic injuries,England,North West,,,Normal value,Units,"Rate per 100,000 population",E12000002,2.763563863
2011,Death rate due to road traffic injuries,England,North West,,,Normal value,Units,"Rate per 100,000 population",E12000002,2.976206926
2012,Death rate due to road traffic injuries,England,North West,,,Normal value,Units,"Rate per 100,000 population",E12000002,2.329038023
2013,Death rate due to road traffic injuries,England,North West,,,Normal value,Units,"Rate per 100,000 population",E12000002,2.097561085
2014,Death rate due to road traffic injuries,England,North West,,,Normal value,Units,"Rate per 100,000 population",E12000002,2.565531094
2015,Death rate due to road traffic injuries,England,North West,,,Normal value,Units,"Rate per 100,000 population",E12000002,2.466837756
2016,Death rate due to road traffic injuries,England,North West,,,Normal value,Units,"Rate per 100,000 population",E12000002,2.574764731
2017,Death rate due to road traffic injuries,England,North West,,,Normal value,Units,"Rate per 100,000 population",E12000002,2.300710589
2018,Death rate due to road traffic injuries,England,North West,,,Normal value,Units,"Rate per 100,000 population",E12000002,2.660415878
2019,Death rate due to road traffic injuries,England,North West,,,Normal value,Units,"Rate per 100,000 population",E12000002,2.669864692
2020,Death rate due to road traffic injuries,England,North West,,,Normal value,Units,"Rate per 100,000 population",E12000002,2.144566591
2009,Death rate due to road traffic injuries,England,South East,,,Normal value,Units,"Rate per 100,000 population",E12000008,3.462521502
2010,Death rate due to road traffic injuries,England,South East,,,Normal value,Units,"Rate per 100,000 population",E12000008,3.310883445
2011,Death rate due to road traffic injuries,England,South East,,,Normal value,Units,"Rate per 100,000 population",E12000008,2.9816993
2012,Death rate due to road traffic injuries,England,South East,,,Normal value,Units,"Rate per 100,000 population",E12000008,2.670509143
2013,Death rate due to road traffic injuries,England,South East,,,Normal value,Units,"Rate per 100,000 population",E12000008,2.672533655
2014,Death rate due to road traffic injuries,England,South East,,,Normal value,Units,"Rate per 100,000 population",E12000008,2.783410647
2015,Death rate due to road traffic injuries,England,South East,,,Normal value,Units,"Rate per 100,000 population",E12000008,2.625876708
2016,Death rate due to road traffic injuries,England,South East,,,Normal value,Units,"Rate per 100,000 population",E12000008,3.100656043
2017,Death rate due to road traffic injuries,England,South East,,,Normal value,Units,"Rate per 100,000 population",E12000008,2.940261485
2018,Death rate due to road traffic injuries,England,South East,,,Normal value,Units,"Rate per 100,000 population",E12000008,2.824727313
2019,Death rate due to road traffic injuries,England,South East,,,Normal value,Units,"Rate per 100,000 population",E12000008,2.331120403
2020,Death rate due to road traffic injuries,England,South East,,,Normal value,Units,"Rate per 100,000 population",E12000008,2.592960059
2009,Death rate due to road traffic injuries,England,South West,,,Normal value,Units,"Rate per 100,000 population",E12000009,3.864681802
2010,Death rate due to road traffic injuries,England,South West,,,Normal value,Units,"Rate per 100,000 population",E12000009,3.649309007
2011,Death rate due to road traffic injuries,England,South West,,,Normal value,Units,"Rate per 100,000 population",E12000009,3.018394663
2012,Death rate due to road traffic injuries,England,South West,,,Normal value,Units,"Rate per 100,000 population",E12000009,3.820411447
2013,Death rate due to road traffic injuries,England,South West,,,Normal value,Units,"Rate per 100,000 population",E12000009,3.533107636
2014,Death rate due to road traffic injuries,England,South West,,,Normal value,Units,"Rate per 100,000 population",E12000009,3.411221036
2015,Death rate due to road traffic injuries,England,South West,,,Normal value,Units,"Rate per 100,000 population",E12000009,3.161775053
2016,Death rate due to road traffic injuries,England,South West,,,Normal value,Units,"Rate per 100,000 population",E12000009,2.954518719
2017,Death rate due to road traffic injuries,England,South West,,,Normal value,Units,"Rate per 100,000 population",E12000009,3.381710987
2018,Death rate due to road traffic injuries,England,South West,,,Normal value,Units,"Rate per 100,000 population",E12000009,3.285869778
2019,Death rate due to road traffic injuries,England,South West,,,Normal value,Units,"Rate per 100,000 population",E12000009,2.862376918
2020,Death rate due to road traffic injuries,England,South West,,,Normal value,Units,"Rate per 100,000 population",E12000009,2.29716761
2009,Death rate due to road traffic injuries,England,West Midlands,,,Normal value,Units,"Rate per 100,000 population",E12000005,4.052093277
2010,Death rate due to road traffic injuries,England,West Midlands,,,Normal value,Units,"Rate per 100,000 population",E12000005,2.802798343
2011,Death rate due to road traffic injuries,England,West Midlands,,,Normal value,Units,"Rate per 100,000 population",E12000005,3.387614205
2012,Death rate due to road traffic injuries,England,West Midlands,,,Normal value,Units,"Rate per 100,000 population",E12000005,3.119039378
2013,Death rate due to road traffic injuries,England,West Midlands,,,Normal value,Units,"Rate per 100,000 population",E12000005,2.748884147
2014,Death rate due to road traffic injuries,England,West Midlands,,,Normal value,Units,"Rate per 100,000 population",E12000005,2.730404578
2015,Death rate due to road traffic injuries,England,West Midlands,,,Normal value,Units,"Rate per 100,000 population",E12000005,2.832303973
2016,Death rate due to road traffic injuries,England,West Midlands,,,Normal value,Units,"Rate per 100,000 population",E12000005,2.667459218
2017,Death rate due to road traffic injuries,England,West Midlands,,,Normal value,Units,"Rate per 100,000 population",E12000005,3.258993029
2018,Death rate due to road traffic injuries,England,West Midlands,,,Normal value,Units,"Rate per 100,000 population",E12000005,2.931827221
2019,Death rate due to road traffic injuries,England,West Midlands,,,Normal value,Units,"Rate per 100,000 population",E12000005,2.527790103
2020,Death rate due to road traffic injuries,England,West Midlands,,,Normal value,Units,"Rate per 100,000 population",E12000005,1.811494233
2009,Death rate due to road traffic injuries,England,Yorkshire and The Humber,,,Normal value,Units,"Rate per 100,000 population",E12000003,3.924688858
2010,Death rate due to road traffic injuries,England,Yorkshire and The Humber,,,Normal value,Units,"Rate per 100,000 population",E12000003,3.235144786
2011,Death rate due to road traffic injuries,England,Yorkshire and The Humber,,,Normal value,Units,"Rate per 100,000 population",E12000003,3.271427091
2012,Death rate due to road traffic injuries,England,Yorkshire and The Humber,,,Normal value,Units,"Rate per 100,000 population",E12000003,2.708346616
2013,Death rate due to road traffic injuries,England,Yorkshire and The Humber,,,Normal value,Units,"Rate per 100,000 population",E12000003,3.09108008
2014,Death rate due to road traffic injuries,England,Yorkshire and The Humber,,,Normal value,Units,"Rate per 100,000 population",E12000003,2.947696851
2015,Death rate due to road traffic injuries,England,Yorkshire and The Humber,,,Normal value,Units,"Rate per 100,000 population",E12000003,2.764270267
2016,Death rate due to road traffic injuries,England,Yorkshire and The Humber,,,Normal value,Units,"Rate per 100,000 population",E12000003,2.543605321
2017,Death rate due to road traffic injuries,England,Yorkshire and The Humber,,,Normal value,Units,"Rate per 100,000 population",E12000003,2.93570979
2018,Death rate due to road traffic injuries,England,Yorkshire and The Humber,,,Normal value,Units,"Rate per 100,000 population",E12000003,3.32140123
2019,Death rate due to road traffic injuries,England,Yorkshire and The Humber,,,Normal value,Units,"Rate per 100,000 population",E12000003,3.416338859
2020,Death rate due to road traffic injuries,England,Yorkshire and The Humber,,,Normal value,Units,"Rate per 100,000 population",E12000003,2.659983533
2009,Death rate due to road traffic injuries,Wales,,,,Normal value,Units,"Rate per 100,000 population",W92000004,4.146275328
2010,Death rate due to road traffic injuries,Wales,,,,Normal value,Units,"Rate per 100,000 population",W92000004,2.918060532
2011,Death rate due to road traffic injuries,Wales,,,,Normal value,Units,"Rate per 100,000 population",W92000004,3.949398092
2012,Death rate due to road traffic injuries,Wales,,,,Normal value,Units,"Rate per 100,000 population",W92000004,3.025308167
2013,Death rate due to road traffic injuries,Wales,,,,Normal value,Units,"Rate per 100,000 population",W92000004,3.60107604
2014,Death rate due to road traffic injuries,Wales,,,,Normal value,Units,"Rate per 100,000 population",W92000004,3.331138447
2015,Death rate due to road traffic injuries,Wales,,,,Normal value,Units,"Rate per 100,000 population",W92000004,3.388095716
2016,Death rate due to road traffic injuries,Wales,,,,Normal value,Units,"Rate per 100,000 population",W92000004,3.308546006
2017,Death rate due to road traffic injuries,Wales,,,,Normal value,Units,"Rate per 100,000 population",W92000004,3.29582598
2018,Death rate due to road traffic injuries,Wales,,,,Normal value,Units,"Rate per 100,000 population",W92000004,3.28168555
2019,Death rate due to road traffic injuries,Wales,,,,Normal value,Units,"Rate per 100,000 population",W92000004,3.108270251
2020,Death rate due to road traffic injuries,Wales,,,,Normal value,Units,"Rate per 100,000 population",W92000004,2.240040182
2009,Death rate due to road traffic injuries,Scotland,,,,Normal value,Units,"Rate per 100,000 population",S92000003,4.128519276
2010,Death rate due to road traffic injuries,Scotland,,,,Normal value,Units,"Rate per 100,000 population",S92000003,3.952719395
2011,Death rate due to road traffic injuries,Scotland,,,,Normal value,Units,"Rate per 100,000 population",S92000003,3.509500179
2012,Death rate due to road traffic injuries,Scotland,,,,Normal value,Units,"Rate per 100,000 population",S92000003,3.199337549
2013,Death rate due to road traffic injuries,Scotland,,,,Normal value,Units,"Rate per 100,000 population",S92000003,3.228410008
2014,Death rate due to road traffic injuries,Scotland,,,,Normal value,Units,"Rate per 100,000 population",S92000003,3.739995512
2015,Death rate due to road traffic injuries,Scotland,,,,Normal value,Units,"Rate per 100,000 population",S92000003,3.015075377
2016,Death rate due to road traffic injuries,Scotland,,,,Normal value,Units,"Rate per 100,000 population",S92000003,3.533961182
2017,Death rate due to road traffic injuries,Scotland,,,,Normal value,Units,"Rate per 100,000 population",S92000003,2.69134346
2018,Death rate due to road traffic injuries,Scotland,,,,Normal value,Units,"Rate per 100,000 population",S92000003,2.942204079
2019,Death rate due to road traffic injuries,Scotland,,,,Normal value,Units,"Rate per 100,000 population",S92000003,3.020152655
2020,Death rate due to road traffic injuries,Scotland,,,,Normal value,Units,"Rate per 100,000 population",S92000003,2.616172704
2009,Death rate due to road traffic injuries,Northern Ireland,,,,Normal value,Units,"Rate per 100,000 population",N92000002,6.412640597
2010,Death rate due to road traffic injuries,Northern Ireland,,,,Normal value,Units,"Rate per 100,000 population",N92000002,3.047373358
2011,Death rate due to road traffic injuries,Northern Ireland,,,,Normal value,Units,"Rate per 100,000 population",N92000002,3.251910635
2012,Death rate due to road traffic injuries,Northern Ireland,,,,Normal value,Units,"Rate per 100,000 population",N92000002,2.6321071
2013,Death rate due to road traffic injuries,Northern Ireland,,,,Normal value,Units,"Rate per 100,000 population",N92000002,3.115222233
2014,Death rate due to road traffic injuries,Northern Ireland,,,,Normal value,Units,"Rate per 100,000 population",N92000002,4.292316536
2015,Death rate due to road traffic injuries,Northern Ireland,,,,Normal value,Units,"Rate per 100,000 population",N92000002,3.996498203
2016,Death rate due to road traffic injuries,Northern Ireland,,,,Normal value,Units,"Rate per 100,000 population",N92000002,3.651718429
2017,Death rate due to road traffic injuries,Northern Ireland,,,,Normal value,Units,"Rate per 100,000 population",N92000002,3.367482096
2018,Death rate due to road traffic injuries,Northern Ireland,,,,Normal value,Units,"Rate per 100,000 population",N92000002,2.922980526
2019,Death rate due to road traffic injuries,Northern Ireland,,,,Normal value,Units,"Rate per 100,000 population",N92000002,2.95722532
2020,Death rate due to road traffic injuries,Northern Ireland,,,,Normal value,Units,"Rate per 100,000 population",N92000002,2.954350017
2015,Death rate due to road traffic injuries (sex by age pre-2018),Great Britain,,,,Normal value,Units,"Rate per 100,000 population",K03000001,2.734814103
2015,Death rate due to road traffic injuries (sex by age pre-2018),Great Britain,,,0 to 4,Normal value,Units,"Rate per 100,000 population",K03000001,0.2819228987
2015,Death rate due to road traffic injuries (sex by age pre-2018),Great Britain,,,5 to 14,Normal value,Units,"Rate per 100,000 population",K03000001,0.4953893017
2015,Death rate due to road traffic injuries (sex by age pre-2018),Great Britain,,,15 to 24,Normal value,Units,"Rate per 100,000 population",K03000001,4.303448192
2015,Death rate due to road traffic injuries (sex by age pre-2018),Great Britain,,,25 to 34,Normal value,Units,"Rate per 100,000 population",K03000001,3.370340213
2015,Death rate due to road traffic injuries (sex by age pre-2018),Great Britain,,,35 to 44,Normal value,Units,"Rate per 100,000 population",K03000001,2.494503797
2015,Death rate due to road traffic injuries (sex by age pre-2018),Great Britain,,,45 to 54,Normal value,Units,"Rate per 100,000 population",K03000001,2.909830942
2015,Death rate due to road traffic injuries (sex by age pre-2018),Great Britain,,,55 to 64,Normal value,Units,"Rate per 100,000 population",K03000001,2.318854022
2015,Death rate due to road traffic injuries (sex by age pre-2018),Great Britain,,,65 to 74,Normal value,Units,"Rate per 100,000 population",K03000001,2.476877218
2015,Death rate due to road traffic injuries (sex by age pre-2018),Great Britain,,,75 to 84,Normal value,Units,"Rate per 100,000 population",K03000001,4.84690755
2015,Death rate due to road traffic injuries (sex by age pre-2018),Great Britain,,,85 and over,Normal value,Units,"Rate per 100,000 population",K03000001,6.307044365
2016,Death rate due to road traffic injuries (sex by age pre-2018),Great Britain,,,,Normal value,Units,"Rate per 100,000 population",K03000001,2.809397567
2016,Death rate due to road traffic injuries (sex by age pre-2018),Great Britain,,,0 to 4,Normal value,Units,"Rate per 100,000 population",K03000001,0.4113591693
2016,Death rate due to road traffic injuries (sex by age pre-2018),Great Britain,,,5 to 14,Normal value,Units,"Rate per 100,000 population",K03000001,0.5928575221
2016,Death rate due to road traffic injuries (sex by age pre-2018),Great Britain,,,15 to 24,Normal value,Units,"Rate per 100,000 population",K03000001,4.117728025
2016,Death rate due to road traffic injuries (sex by age pre-2018),Great Britain,,,25 to 34,Normal value,Units,"Rate per 100,000 population",K03000001,3.402170192
2016,Death rate due to road traffic injuries (sex by age pre-2018),Great Britain,,,35 to 44,Normal value,Units,"Rate per 100,000 population",K03000001,2.85929578
2016,Death rate due to road traffic injuries (sex by age pre-2018),Great Britain,,,45 to 54,Normal value,Units,"Rate per 100,000 population",K03000001,2.647462846
2016,Death rate due to road traffic injuries (sex by age pre-2018),Great Britain,,,55 to 64,Normal value,Units,"Rate per 100,000 population",K03000001,2.720540405
2016,Death rate due to road traffic injuries (sex by age pre-2018),Great Britain,,,65 to 74,Normal value,Units,"Rate per 100,000 population",K03000001,2.214305903
2016,Death rate due to road traffic injuries (sex by age pre-2018),Great Britain,,,75 to 84,Normal value,Units,"Rate per 100,000 population",K03000001,5.34637558
2016,Death rate due to road traffic injuries (sex by age pre-2018),Great Britain,,,85 and over,Normal value,Units,"Rate per 100,000 population",K03000001,7.069117643
2017,Death rate due to road traffic injuries (sex by age pre-2018),Great Britain,,,,Normal value,Units,"Rate per 100,000 population",K03000001,2.794166908
2017,Death rate due to road traffic injuries (sex by age pre-2018),Great Britain,,,0 to 4,Normal value,Units,"Rate per 100,000 population",K03000001,0.3126840276
2017,Death rate due to road traffic injuries (sex by age pre-2018),Great Britain,,,5 to 14,Normal value,Units,"Rate per 100,000 population",K03000001,0.3946634659
2017,Death rate due to road traffic injuries (sex by age pre-2018),Great Britain,,,15 to 24,Normal value,Units,"Rate per 100,000 population",K03000001,3.8675939
2017,Death rate due to road traffic injuries (sex by age pre-2018),Great Britain,,,25 to 34,Normal value,Units,"Rate per 100,000 population",K03000001,3.92385293
2017,Death rate due to road traffic injuries (sex by age pre-2018),Great Britain,,,35 to 44,Normal value,Units,"Rate per 100,000 population",K03000001,2.665847166
2017,Death rate due to road traffic injuries (sex by age pre-2018),Great Britain,,,45 to 54,Normal value,Units,"Rate per 100,000 population",K03000001,2.727707035
2017,Death rate due to road traffic injuries (sex by age pre-2018),Great Britain,,,55 to 64,Normal value,Units,"Rate per 100,000 population",K03000001,2.472110757
2017,Death rate due to road traffic injuries (sex by age pre-2018),Great Britain,,,65 to 74,Normal value,Units,"Rate per 100,000 population",K03000001,2.774141695
2017,Death rate due to road traffic injuries (sex by age pre-2018),Great Britain,,,75 to 84,Normal value,Units,"Rate per 100,000 population",K03000001,4.495895678
2017,Death rate due to road traffic injuries (sex by age pre-2018),Great Britain,,,85 and over,Normal value,Units,"Rate per 100,000 population",K03000001,7.650524061
2018,Death rate due to road traffic injuries (sex by age pre-2018),Great Britain,,,,Normal value,Units,"Rate per 100,000 population",K03000001,2.763581676
2018,Death rate due to road traffic injuries (sex by age pre-2018),Great Britain,,,0 to 4,Normal value,Units,"Rate per 100,000 population",K03000001,0.3428006071
2018,Death rate due to road traffic injuries (sex by age pre-2018),Great Britain,,,5 to 14,Normal value,Units,"Rate per 100,000 population",K03000001,0.3226647045
2018,Death rate due to road traffic injuries (sex by age pre-2018),Great Britain,,,15 to 24,Normal value,Units,"Rate per 100,000 population",K03000001,3.961204852
2018,Death rate due to road traffic injuries (sex by age pre-2018),Great Britain,,,25 to 34,Normal value,Units,"Rate per 100,000 population",K03000001,3.317356639
2018,Death rate due to road traffic injuries (sex by age pre-2018),Great Britain,,,35 to 44,Normal value,Units,"Rate per 100,000 population",K03000001,2.768762209
2018,Death rate due to road traffic injuries (sex by age pre-2018),Great Britain,,,45 to 54,Normal value,Units,"Rate per 100,000 population",K03000001,2.578041231
2018,Death rate due to road traffic injuries (sex by age pre-2018),Great Britain,,,55 to 64,Normal value,Units,"Rate per 100,000 population",K03000001,2.867270188
2018,Death rate due to road traffic injuries (sex by age pre-2018),Great Britain,,,65 to 74,Normal value,Units,"Rate per 100,000 population",K03000001,2.994610011
2018,Death rate due to road traffic injuries (sex by age pre-2018),Great Britain,,,75 to 84,Normal value,Units,"Rate per 100,000 population",K03000001,4.542730817
2018,Death rate due to road traffic injuries (sex by age pre-2018),Great Britain,,,85 and over,Normal value,Units,"Rate per 100,000 population",K03000001,7.00292595
2015,Death rate due to road traffic injuries (sex by age pre-2018),Great Britain,,Female,,Normal value,Units,"Rate per 100,000 population",K03000001,1.286881101
2015,Death rate due to road traffic injuries (sex by age pre-2018),Great Britain,,Female,0 to 4,Normal value,Units,"Rate per 100,000 population",K03000001,0.2628775842
2015,Death rate due to road traffic injuries (sex by age pre-2018),Great Britain,,Female,5 to 14,Normal value,Units,"Rate per 100,000 population",K03000001,0.3664133153
2015,Death rate due to road traffic injuries (sex by age pre-2018),Great Britain,,Female,15 to 24,Normal value,Units,"Rate per 100,000 population",K03000001,1.428928475
2015,Death rate due to road traffic injuries (sex by age pre-2018),Great Britain,,Female,25 to 34,Normal value,Units,"Rate per 100,000 population",K03000001,1.119216101
2015,Death rate due to road traffic injuries (sex by age pre-2018),Great Britain,,Female,35 to 44,Normal value,Units,"Rate per 100,000 population",K03000001,0.854341176
2015,Death rate due to road traffic injuries (sex by age pre-2018),Great Britain,,Female,45 to 54,Normal value,Units,"Rate per 100,000 population",K03000001,1.059842693
2015,Death rate due to road traffic injuries (sex by age pre-2018),Great Britain,,Female,55 to 64,Normal value,Units,"Rate per 100,000 population",K03000001,1.059022875
2015,Death rate due to road traffic injuries (sex by age pre-2018),Great Britain,,Female,65 to 74,Normal value,Units,"Rate per 100,000 population",K03000001,1.62319673
2015,Death rate due to road traffic injuries (sex by age pre-2018),Great Britain,,Female,75 to 84,Normal value,Units,"Rate per 100,000 population",K03000001,3.610751135
2015,Death rate due to road traffic injuries (sex by age pre-2018),Great Britain,,Female,85 and over,Normal value,Units,"Rate per 100,000 population",K03000001,4.630687256
2016,Death rate due to road traffic injuries (sex by age pre-2018),Great Britain,,Female,,Normal value,Units,"Rate per 100,000 population",K03000001,1.454052438
2016,Death rate due to road traffic injuries (sex by age pre-2018),Great Britain,,Female,0 to 4,Normal value,Units,"Rate per 100,000 population",K03000001,0.5802636507
2016,Death rate due to road traffic injuries (sex by age pre-2018),Great Britain,,Female,5 to 14,Normal value,Units,"Rate per 100,000 population",K03000001,0.3313472746
2016,Death rate due to road traffic injuries (sex by age pre-2018),Great Britain,,Female,15 to 24,Normal value,Units,"Rate per 100,000 population",K03000001,1.762467286
2016,Death rate due to road traffic injuries (sex by age pre-2018),Great Britain,,Female,25 to 34,Normal value,Units,"Rate per 100,000 population",K03000001,1.296489269
2016,Death rate due to road traffic injuries (sex by age pre-2018),Great Britain,,Female,35 to 44,Normal value,Units,"Rate per 100,000 population",K03000001,1.200553725
2016,Death rate due to road traffic injuries (sex by age pre-2018),Great Britain,,Female,45 to 54,Normal value,Units,"Rate per 100,000 population",K03000001,0.9212261696
2016,Death rate due to road traffic injuries (sex by age pre-2018),Great Britain,,Female,55 to 64,Normal value,Units,"Rate per 100,000 population",K03000001,1.251652781
2016,Death rate due to road traffic injuries (sex by age pre-2018),Great Britain,,Female,65 to 74,Normal value,Units,"Rate per 100,000 population",K03000001,1.25082066
2016,Death rate due to road traffic injuries (sex by age pre-2018),Great Britain,,Female,75 to 84,Normal value,Units,"Rate per 100,000 population",K03000001,4.100401543
2016,Death rate due to road traffic injuries (sex by age pre-2018),Great Britain,,Female,85 and over,Normal value,Units,"Rate per 100,000 population",K03000001,6.277362212
2017,Death rate due to road traffic injuries (sex by age pre-2018),Great Britain,,Female,,Normal value,Units,"Rate per 100,000 population",K03000001,1.396586091
2017,Death rate due to road traffic injuries (sex by age pre-2018),Great Britain,,Female,0 to 4,Normal value,Units,"Rate per 100,000 population",K03000001,0.3743757952
2017,Death rate due to road traffic injuries (sex by age pre-2018),Great Britain,,Female,5 to 14,Normal value,Units,"Rate per 100,000 population",K03000001,0.323570318
2017,Death rate due to road traffic injuries (sex by age pre-2018),Great Britain,,Female,15 to 24,Normal value,Units,"Rate per 100,000 population",K03000001,1.577993675
2017,Death rate due to road traffic injuries (sex by age pre-2018),Great Britain,,Female,25 to 34,Normal value,Units,"Rate per 100,000 population",K03000001,1.289951942
2017,Death rate due to road traffic injuries (sex by age pre-2018),Great Britain,,Female,35 to 44,Normal value,Units,"Rate per 100,000 population",K03000001,1.078748387
2017,Death rate due to road traffic injuries (sex by age pre-2018),Great Britain,,Female,45 to 54,Normal value,Units,"Rate per 100,000 population",K03000001,0.9876348122
2017,Death rate due to road traffic injuries (sex by age pre-2018),Great Britain,,Female,55 to 64,Normal value,Units,"Rate per 100,000 population",K03000001,1.196352996
2017,Death rate due to road traffic injuries (sex by age pre-2018),Great Britain,,Female,65 to 74,Normal value,Units,"Rate per 100,000 population",K03000001,1.953491867
2017,Death rate due to road traffic injuries (sex by age pre-2018),Great Britain,,Female,75 to 84,Normal value,Units,"Rate per 100,000 population",K03000001,3.178432817
2017,Death rate due to road traffic injuries (sex by age pre-2018),Great Britain,,Female,85 and over,Normal value,Units,"Rate per 100,000 population",K03000001,5.518204557
2018,Death rate due to road traffic injuries (sex by age pre-2018),Great Britain,,Female,,Normal value,Units,"Rate per 100,000 population",K03000001,1.410221204
2018,Death rate due to road traffic injuries (sex by age pre-2018),Great Britain,,Female,0 to 4,Normal value,Units,"Rate per 100,000 population",K03000001,0.2706819995
2018,Death rate due to road traffic injuries (sex by age pre-2018),Great Britain,,Female,5 to 14,Normal value,Units,"Rate per 100,000 population",K03000001,0.3174400786
2018,Death rate due to road traffic injuries (sex by age pre-2018),Great Britain,,Female,15 to 24,Normal value,Units,"Rate per 100,000 population",K03000001,1.618374812
2018,Death rate due to road traffic injuries (sex by age pre-2018),Great Britain,,Female,25 to 34,Normal value,Units,"Rate per 100,000 population",K03000001,1.034805094
2018,Death rate due to road traffic injuries (sex by age pre-2018),Great Britain,,Female,35 to 44,Normal value,Units,"Rate per 100,000 population",K03000001,0.85500235
2018,Death rate due to road traffic injuries (sex by age pre-2018),Great Britain,,Female,45 to 54,Normal value,Units,"Rate per 100,000 population",K03000001,0.9943613085
2018,Death rate due to road traffic injuries (sex by age pre-2018),Great Britain,,Female,55 to 64,Normal value,Units,"Rate per 100,000 population",K03000001,1.497924232
2018,Death rate due to road traffic injuries (sex by age pre-2018),Great Britain,,Female,65 to 74,Normal value,Units,"Rate per 100,000 population",K03000001,2.232442509
2018,Death rate due to road traffic injuries (sex by age pre-2018),Great Britain,,Female,75 to 84,Normal value,Units,"Rate per 100,000 population",K03000001,3.77896047
2018,Death rate due to road traffic injuries (sex by age pre-2018),Great Britain,,Female,85 and over,Normal value,Units,"Rate per 100,000 population",K03000001,4.606988802
2015,Death rate due to road traffic injuries (sex by age pre-2018),Great Britain,,Male,,Normal value,Units,"Rate per 100,000 population",K03000001,4.225851584
2015,Death rate due to road traffic injuries (sex by age pre-2018),Great Britain,,Male,0 to 4,Normal value,Units,"Rate per 100,000 population",K03000001,0.3000375047
2015,Death rate due to road traffic injuries (sex by age pre-2018),Great Britain,,Male,5 to 14,Normal value,Units,"Rate per 100,000 population",K03000001,0.6184281922
2015,Death rate due to road traffic injuries (sex by age pre-2018),Great Britain,,Male,15 to 24,Normal value,Units,"Rate per 100,000 population",K03000001,7.05000489
2015,Death rate due to road traffic injuries (sex by age pre-2018),Great Britain,,Male,25 to 34,Normal value,Units,"Rate per 100,000 population",K03000001,5.622845645
2015,Death rate due to road traffic injuries (sex by age pre-2018),Great Britain,,Male,35 to 44,Normal value,Units,"Rate per 100,000 population",K03000001,4.157214983
2015,Death rate due to road traffic injuries (sex by age pre-2018),Great Britain,,Male,45 to 54,Normal value,Units,"Rate per 100,000 population",K03000001,4.811344242
2015,Death rate due to road traffic injuries (sex by age pre-2018),Great Britain,,Male,55 to 64,Normal value,Units,"Rate per 100,000 population",K03000001,3.621237632
2015,Death rate due to road traffic injuries (sex by age pre-2018),Great Britain,,Male,65 to 74,Normal value,Units,"Rate per 100,000 population",K03000001,3.396581492
2015,Death rate due to road traffic injuries (sex by age pre-2018),Great Britain,,Male,75 to 84,Normal value,Units,"Rate per 100,000 population",K03000001,6.380082364
2015,Death rate due to road traffic injuries (sex by age pre-2018),Great Britain,,Male,85 and over,Normal value,Units,"Rate per 100,000 population",K03000001,9.44816908
2016,Death rate due to road traffic injuries (sex by age pre-2018),Great Britain,,Male,,Normal value,Units,"Rate per 100,000 population",K03000001,4.201832781
2016,Death rate due to road traffic injuries (sex by age pre-2018),Great Britain,,Male,0 to 4,Normal value,Units,"Rate per 100,000 population",K03000001,0.2507704923
2016,Death rate due to road traffic injuries (sex by age pre-2018),Great Britain,,Male,5 to 14,Normal value,Units,"Rate per 100,000 population",K03000001,0.8420822167
2016,Death rate due to road traffic injuries (sex by age pre-2018),Great Britain,,Male,15 to 24,Normal value,Units,"Rate per 100,000 population",K03000001,6.359424667
2016,Death rate due to road traffic injuries (sex by age pre-2018),Great Britain,,Male,25 to 34,Normal value,Units,"Rate per 100,000 population",K03000001,5.492259247
2016,Death rate due to road traffic injuries (sex by age pre-2018),Great Britain,,Male,35 to 44,Normal value,Units,"Rate per 100,000 population",K03000001,4.538199738
2016,Death rate due to road traffic injuries (sex by age pre-2018),Great Britain,,Male,45 to 54,Normal value,Units,"Rate per 100,000 population",K03000001,4.423782072
2016,Death rate due to road traffic injuries (sex by age pre-2018),Great Britain,,Male,55 to 64,Normal value,Units,"Rate per 100,000 population",K03000001,4.238684158
2016,Death rate due to road traffic injuries (sex by age pre-2018),Great Britain,,Male,65 to 74,Normal value,Units,"Rate per 100,000 population",K03000001,3.251578576
2016,Death rate due to road traffic injuries (sex by age pre-2018),Great Britain,,Male,75 to 84,Normal value,Units,"Rate per 100,000 population",K03000001,6.882509473
2016,Death rate due to road traffic injuries (sex by age pre-2018),Great Britain,,Male,85 and over,Normal value,Units,"Rate per 100,000 population",K03000001,8.517004384
2017,Death rate due to road traffic injuries (sex by age pre-2018),Great Britain,,Male,,Normal value,Units,"Rate per 100,000 population",K03000001,4.229103986
2017,Death rate due to road traffic injuries (sex by age pre-2018),Great Britain,,Male,0 to 4,Normal value,Units,"Rate per 100,000 population",K03000001,0.2540700756
2017,Death rate due to road traffic injuries (sex by age pre-2018),Great Britain,,Male,5 to 14,Normal value,Units,"Rate per 100,000 population",K03000001,0.4623931775
2017,Death rate due to road traffic injuries (sex by age pre-2018),Great Britain,,Male,15 to 24,Normal value,Units,"Rate per 100,000 population",K03000001,6.040198281
2017,Death rate due to road traffic injuries (sex by age pre-2018),Great Britain,,Male,25 to 34,Normal value,Units,"Rate per 100,000 population",K03000001,6.537627015
2017,Death rate due to road traffic injuries (sex by age pre-2018),Great Britain,,Male,35 to 44,Normal value,Units,"Rate per 100,000 population",K03000001,4.274684251
2017,Death rate due to road traffic injuries (sex by age pre-2018),Great Britain,,Male,45 to 54,Normal value,Units,"Rate per 100,000 population",K03000001,4.519199026
2017,Death rate due to road traffic injuries (sex by age pre-2018),Great Britain,,Male,55 to 64,Normal value,Units,"Rate per 100,000 population",K03000001,3.790967657
2017,Death rate due to road traffic injuries (sex by age pre-2018),Great Britain,,Male,65 to 74,Normal value,Units,"Rate per 100,000 population",K03000001,3.658113372
2017,Death rate due to road traffic injuries (sex by age pre-2018),Great Britain,,Male,75 to 84,Normal value,Units,"Rate per 100,000 population",K03000001,6.109738084
2017,Death rate due to road traffic injuries (sex by age pre-2018),Great Britain,,Male,85 and over,Normal value,Units,"Rate per 100,000 population",K03000001,11.4541797
2018,Death rate due to road traffic injuries (sex by age pre-2018),Great Britain,,Male,,Normal value,Units,"Rate per 100,000 population",K03000001,4.152020829
2018,Death rate due to road traffic injuries (sex by age pre-2018),Great Britain,,Male,0 to 4,Normal value,Units,"Rate per 100,000 population",K03000001,0.4112886393
2018,Death rate due to road traffic injuries (sex by age pre-2018),Great Britain,,Male,5 to 14,Normal value,Units,"Rate per 100,000 population",K03000001,0.3276424362
2018,Death rate due to road traffic injuries (sex by age pre-2018),Great Britain,,Male,15 to 24,Normal value,Units,"Rate per 100,000 population",K03000001,6.178954786
2018,Death rate due to road traffic injuries (sex by age pre-2018),Great Britain,,Male,25 to 34,Normal value,Units,"Rate per 100,000 population",K03000001,5.576730693
2018,Death rate due to road traffic injuries (sex by age pre-2018),Great Britain,,Male,35 to 44,Normal value,Units,"Rate per 100,000 population",K03000001,4.711344595
2018,Death rate due to road traffic injuries (sex by age pre-2018),Great Britain,,Male,45 to 54,Normal value,Units,"Rate per 100,000 population",K03000001,4.208386564
2018,Death rate due to road traffic injuries (sex by age pre-2018),Great Britain,,Male,55 to 64,Normal value,Units,"Rate per 100,000 population",K03000001,4.285220039
2018,Death rate due to road traffic injuries (sex by age pre-2018),Great Britain,,Male,65 to 74,Normal value,Units,"Rate per 100,000 population",K03000001,3.815622698
2018,Death rate due to road traffic injuries (sex by age pre-2018),Great Britain,,Male,75 to 84,Normal value,Units,"Rate per 100,000 population",K03000001,5.472242921
2018,Death rate due to road traffic injuries (sex by age pre-2018),Great Britain,,Male,85 and over,Normal value,Units,"Rate per 100,000 population",K03000001,11.18316096
